0
2
4
5
7
10
11
14
16
17
20
22
24
26
28
30
31
33
35
38
39
42
44
46
48
50
52
53
54
55
56
62
64
66
67
69
70
72
73
74
80
81
84
85
87
90
92
94
95
98
100
102
104
106
108
110
112
113
116
118
119
122
124
126
127
129
130
131
132
137
140
142
144
146
148
150
151
152
153
157
160
161
162
163
164
168
165
166
169
171
179
181
182
183
184
185
186
187
191
192
189
196
197
205
206
210
212
213
215
216
217
222
224
226
227
228
229
230
236
237
238
239
242
243
244
249
251
253
254
255
258
259
263
265
266
269
270
273
276
277
278
281
282
286
288
289
290
294
295
298
300
301
302
305
308
309
311
314
316
318
319
322
325
324
327
330
331
333
334
338
340
341
344
345
347
349
351
352
356
357
358
359
364
365
368
370
371
372
373
377
378
379
383
385
387
390
392
394
396
398
399
400
401
402
404
405
406
407
436
468
511
609
408
573
409
410
411
412
414
636
728
416
602
418
419
421
460
422
423
424
454
467
509
426
427
435
463
618
428
429
430
574
722
431
516
432
433
434
438
439
452
440
720
737
441
442
443
444
445
639
447
450
451
457
453
455
456
458
649
461
462
464
616
465
466
469
470
471
472
474
476
478
492
519
479
694
481
549
482
485
662
483
484
486
488
489
491
494
541
577
495
496
497
498
499
500
502
503
507
508
510
513
566
517
518
522
523
527
528
529
532
534
535
538
853
539
542
644
544
547
548
551
552
554
555
569
717
556
558
561
757
565
567
568
570
575
579
580
624
581
583
585
631
586
587
731
588
589
590
592
595
596
597
600
601
655
603
604
606
786
608
611
619
622
626
714
629
630
632
633
635
640
645
647
651
652
654
779
659
660
665
670
672
674
675
678
682
685
686
691
692
696
698
700
703
704
708
712
715
719
724
726
730
732
735
740
742
746
752
754
756
763
767
771
776
781
785
789
794
796
799
800
806
810
811
813
815
821
839
823
831
833
836
838
843
844
851
861
863
869
877
879
885
895
899
900
903
908
912
917
920
922
924
926
928
930
932
934
936
937
939
941
943
944
948
950
952
953
954
958
960
962
963
966
968
970
971
973
975
976
979
982
984
986
988
989
991
993
994
992