1
3
6
8
9
12
13
15
18
19
21
23
25
27
29
32
34
36
37
40
41
43
45
47
49
51
57
58
59
60
61
63
65
68
79
71
75
76
77
78
82
83
86
88
89
91
93
96
97
99
101
103
105
107
109
111
114
115
117
120
121
123
125
128
134
135
138
133
136
139
141
143
145
147
149
154
155
158
156
159
173
174
175
176
177
178
167
170
172
180
193
194
195
199
200
201
202
203
204
188
190
198
207
208
209
211
214
219
220
218
221
223
225
231
232
233
234
235
252
240
241
246
247
248
245
250
256
257
268
260
261
262
264
267
271
272
274
275
279
280
283
284
285
287
291
292
293
296
297
299
303
304
307
306
310
312
313
315
317
320
321
326
323
328
329
332
336
337
335
339
342
343
355
346
348
350
353
354
360
361
362
363
366
367
369
374
375
376
380
381
382
384
386
388
389
391
393
395
397
614
887
593
546
403
417
506
562
627
656
661
751
817
803
530
892
449
615
413
748
797
415
702
563
749
420
525
543
559
765
788
860
865
425
778
666
725
876
791
747
768
805
852
890
520
683
667
793
437
883
515
808
898
907
572
448
533
591
671
842
446
745
537
906
894
680
657
744
873
459
840
677
783
490
524
505
849
818
914
473
475
477
637
709
723
739
480
738
855
664
688
848
871
889
487
716
825
493
641
642
822
648
668
598
623
915
501
773
504
695
613
512
875
514
560
521
557
526
707
834
531
760
897
536
858
884
540
816
766
545
820
550
824
553
576
864
867
669
904
829
866
564
705
909
617
571
578
881
727
762
582
584
711
802
847
784
792
790
620
681
594
856
777
599
689
775
612
690
605
882
607
610
918
621
625
761
628
770
774
650
634
638
643
646
859
891
653
874
658
809
663
870
880
673
734
676
679
684
828
687
801
693
697
699
701
826
706
710
713
718
721
913
729
759
733
736
741
743
750
753
755
758
764
769
772
780
782
787
854
795
798
886
804
807
827
812
814
819
888
845
830
832
835
837
841
850
846
857
862
868
872
878
911
893
896
901
902
905
910
916
919
921
923
925
927
929
931
933
935
938
940
942
946
947
945
949
951
955
956
957
959
961
964
965
967
969
980
972
974
978
977
981
983
985
987
998
990
995
996
997
999